-0.656200000000000
0.138803120000000
0.961467390000000
-0.848839080000000
-0.441055550000000
0.610940000000000
0.253504630000000
0.871470800000000
-0.518922720000000
0.461438420000000
0.574149170000000
0.340705470000000
0.767839560000000
-0.179155190000000
0.935806840000000
-0.751468870000000
-0.129410940000000
0.966505620000000
-0.868266220000000
-0.507772450000000
0.484334280000000
0.530840620000000
0.436416480000000
0.619081310000000
0.233476670000000
0.890977290000000
-0.587681060000000
0.309261930000000
0.808714110000000
-0.308037030000000
0.810226370000000
-0.312933540000000
0.804145200000000
-0.293298990000000
0.827951400000000
-0.371007040000000
0.724707550000000
-0.0504020610000000
0.994919260000000
-0.979728690000000
-0.919736590000000
-0.691830810000000
0.0427402710000000
0.996346540000000
-0.985412850000000
-0.942076970000000
-0.775018030000000
-0.201305890000000
0.918951880000000
-0.688945100000000
0.0507093050000000
0.994857130000000
-0.979481430000000
-0.918767740000000
-0.688268330000000
0.0525734250000000
0.994472070000000
-0.977949400000000
-0.912770040000000
-0.666298300000000
0.112093150000000
0.974870250000000
-0.900744010000000
-0.622679540000000
0.224540390000000
0.899163220000000
-0.616989010000000
0.238649130000000
0.886093190000000
-0.570322270000000
0.349465020000000
0.755748400000000
-0.142311290000000
0.959494990000000
-0.841261270000000
-0.415441060000000
0.654817440000000
0.142428230000000
0.959428400000000
-0.841005710000000
-0.414581210000000
0.656244850000000
0.138685410000000
0.961532720000000
-0.849090330000000
-0.441908780000000
0.609433270000000
0.257182180000000
0.867714650000000
-0.505857420000000
0.488216530000000
0.523289230000000
0.452336750000000
0.590782920000000
0.301951080000000
0.817651090000000
-0.337106620000000
0.772718260000000
-0.194187020000000
0.924582810000000
-0.709706730000000
-0.00736728550000000
0.999891450000000
-0.999565810000000
-0.998263610000000
-0.993060470000000
-0.972338200000000
-0.890883170000000
-0.587345640000000
0.310050190000000
0.807737760000000
-0.304880560000000
0.814095680000000
-0.325503560000000
0.788094860000000
-0.242187030000000
0.882690880000000
-0.558286390000000
0.376632600000000
0.716295770000000
-0.0261592470000000
0.998631390000000
-0.994529300000000
-0.978177040000000
-0.913660650000000
-0.669551580000000
0.103401360000000
0.978616320000000
-0.915379800000000
-0.675840360000000
0.0864796170000000
0.985042550000000
-0.940617660000000
-0.769523160000000
-0.184331770000000
0.932043590000000
-0.737410530000000
-0.0875485650000000
0.984670500000000
-0.939151980000000
-0.764012870000000
-0.167431330000000
0.943933500000000
-0.782020890000000
-0.223113350000000
0.900440860000000
-0.621587500000000
0.227257960000000
0.896707640000000
-0.608169180000000
0.260260490000000
0.864528950000000
-0.494820620000000
0.510305100000000
0.479177410000000
0.540778020000000
0.415118260000000
0.655353660000000
0.141023160000000
0.960224940000000
-0.844063870000000
-0.424887620000000
0.638941020000000
0.183508740000000
0.932649090000000
-0.739668640000000
-0.0942193790000000
0.982245420000000
-0.929612120000000
-0.728357380000000
-0.0610089530000000
0.992555820000000
-0.970334090000000
-0.883096500000000
-0.559718870000000
0.373429580000000
0.721100700000000
-0.0399724290000000
0.996804410000000
-0.987238060000000
-0.949277990000000
-0.802257390000000
-0.287233830000000
0.834993460000000
-0.394428150000000
0.688852870000000
0.0509634440000000
0.994805450000000
-0.979275790000000
-0.917962130000000
-0.685308940000000
0.0607033110000000
0.992630220000000
-0.970629490000000
-0.884243220000000
-0.563772150000000
0.364321930000000
0.734539060000000
-0.0790952560000000
0.987487880000000