0.544501
0.466334
0.608537
0.333354
0.799942
-0.152089
0.958352
-0.653742
0.230419
0.90439
-0.472994
0.597074
0.357912
0.769264
-0.0659502
0.992165
-0.773381
-0.0775693
0.989159
-0.762946
-0.0488613
0.995698
-0.786628
-0.115171
0.976094
-0.717253
0.0727004
0.990473
-0.768514
-0.0647576
0.992439
-0.77584
-0.085335
0.986869
-0.756253
-0.0313969
0.998222
-0.797193
-0.146281
0.961402
-0.667334
0.196615
0.930258
-0.561318
0.431505
0.664027
0.204339
0.92465
-0.542978
0.4679
0.604853
0.339646
0.791765
-0.131666
0.968704
-0.694163
0.129997
0.969487
-0.697186
0.122257
0.973008
-0.709819
0.0900083
0.985367
-0.753824
-0.0264875
0.998733
-0.802023
-0.162145
0.952498
-0.639313
0.261441
0.876482
-0.38833
0.727459
0.0435296
0.996575
-0.79524
-0.1432
0.962929
-0.676342
0.17295
0.945916
-0.617901
0.309587
0.826675
-0.235914
0.899342
-0.462904
0.61241
0.32158
0.812925
-0.195537
0.930825
-0.567643
0.416978
0.685381
0.149947
0.959311
-0.665518
0.198371
0.928775
-0.561433
0.429412
0.666191
0.196527
0.930074
-0.566236
0.419448
0.681414
0.159154
0.954128
-0.648752
0.237704
0.897656
-0.459601
0.617351
0.309559
0.82639
-0.237317
0.897955
-0.461059
0.614792
0.315043
0.820125
-0.219029
0.913047
-0.511084
0.52651
0.497469
0.551352
0.448868
0.634692
0.269581
0.86822
-0.366953
0.755805
-0.0360017
0.997649
-0.805282
-0.176277
0.943632
-0.615351
0.313041
0.822208
-0.226583
0.906844
-0.492265
0.560252
0.430366
0.663854
0.200126
0.927304
-0.560878
0.428935
0.665993
0.194741
0.931145
-0.574269
0.401176
0.707744
0.0903616
0.985171
-0.762735
-0.0566593
0.994169
-0.795377
-0.149226
0.959545
-0.672775
0.177622
0.942674
-0.614738
0.313275
0.821648
-0.226937
0.906398
-0.493263
0.557739
0.434532
0.656747
0.215866
0.91528
-0.523174
0.502311
0.541189
0.467389
0.602723
0.339312
0.790597
-0.136892
0.965913
-0.697198
0.115714
0.97564
-0.731839
0.0254966
0.998817
-0.815398
-0.209936
0.919791
-0.539749
0.469753
0.59834
0.348312
0.779147
-0.10517
0.979863
-0.748111
-0.0190478
0.999339
-0.818595
-0.220314
0.911602
-0.513534
0.519666
0.508098
0.529728
0.488809
0.56471
0.419
0.680127
0.157145
0.955001
-0.661988
0.201373
0.926096
-0.563159
0.421933
0.675491
0.168232
0.948405
-0.639828
0.253618
0.882722
-0.420789
0.677125
0.163882
0.95102
-0.649516
0.230549
0.903049
-0.487549
0.56638
0.41479
0.68611
0.141122
0.963662
-0.694498
0.119849
0.973787
-0.730578
0.0258636
0.998779
-0.820846
-0.229932
0.903488
-0.490221
0.561254
0.424863
0.67041
0.179305
0.94129
-0.618063
0.302351
0.833038
-0.267503
0.869293
-0.380383
0.735679
0.0112394
0.999769
-0.826257
-0.24743
0.88813
-0.441407
0.643929
0.242195
0.89279
-0.456893
0.618424
0.300885
0.834499
-0.273136
0.863602
-0.363638
0.758213
-0.0512387
0.995199
-0.811282
-0.203742
0.924077
-0.561901
0.422461
0.673519
0.170133
0.947045
-0.640956
0.248314
0.887175
-0.440277
0.645265
0.238006
0.896325
-0.47046
0.594872
0.352236
0.772878
-0.0935499
0.983978
-0.772699
-0.0932242
0.984086
-0.773382
-0.0953356
0.983355
-0.771036
-0.0888784
0.985531
-0.779174
-0.112168
0.97695
-0.748615
-0.0268089
0.998683
-0.827577
-0.255049
0.880789
-0.421789
0.673933
0.167522
0.948559
-0.649359
0.226999
0.905533
-0.503369
0.535427
0.474339
0.587422
0.367222
0.752696
-0.0390539
0.997203
-0.823952
-0.245302
0.889619
-0.451862
0.625412
0.282375
0.853701
-0.337286
0.791247
-0.148904
0.959309
-0.68898
0.128748
0.969575
-0.725602
0.0335078
0.997939
-0.82834
-0.259765
0.876104
-0.409391
0.692234
0.120018
0.973546
-0.740715
-0.00772246
0.99989
-0.836498
-0.285401
0.850362
-0.328507
0.801725
-0.181012
0.939794
-0.62299
0.286757
0.848878
-0.324381
0.806601
-0.195876
0.929473
-0.588144
0.364073
0.756308
-0.0516821
0.995089
-0.820783
-0.238838
0.895097
-0.473483
0.587677
0.364773
0.755251
-0.0492591
0.995536
-0.823313
-0.247098
0.887661
-0.449813
0.62769
0.274972
0.860856
-0.363871
0.756314
-0.052842
0.99486
-0.821926
-0.243643
0.890714
-0.460678
0.609253
0.316529
0.815509
-0.224699
0.907018
-0.515133
0.511256
0.51856
0.504679
0.530816
0.480932
0.573884
0.393218
0.715111
0.0577234
0.99386
-0.82024
-0.239893
0.893938
-0.472868
0.587853
0.363008
0.757086
-0.056655
0.994082
-0.821944
-0.245657
0.888726
-0.456452
0.615784
0.300698
0.833239
-0.280545
0.854828
-0.347906
0.77672
-0.112956
0.976461
-0.759162
-0.063382
0.992587
-0.818044
-0.234935
0.898139
-0.488759
0.559089
0.42304
0.669653
0.172189
0.945265
-0.649627
0.220833
0.909956
-0.52894
0.483362
0.568539
0.403047
0.699977
0.0950303
0.983319
-0.786089
-0.141512
0.963004
-0.71333
0.059868
0.993378
-0.823407
-0.252875
0.881829
-0.437123
0.646853
0.226637
0.905058
-0.514162
0.5113
0.516699
0.50641
0.525847
0.488724
0.55834
0.423524
0.668286
0.174046
0.943975
-0.648158
0.222924
0.908074
-0.525424
0.489269
0.557115
0.425741
0.664623
0.182634
0.938276
-0.629199
0.267325
0.867737
-0.393669
0.713141
0.058585
0.993646
-0.82785
-0.268829
0.866194
-0.38924
0.719452
0.0414866
0.996813
-0.840213
-0.307504
0.824858
-0.260289
0.874499
-0.416697
0.678321
0.147536
0.95967
-0.70646
0.0751939
0.989522
-0.814569
-0.229707
0.902205
-0.5087
0.520333
0.498117
0.540033
0.459336
0.608825
0.312744
0.818643
-0.242709
0.890762
-0.471466
0.587759
0.359273
0.760587
-0.0730469
0.990102
-0.818558
-0.243053
0.890398
-0.470978
0.588413
0.357536
0.762783
-0.0797738
0.988189
-0.812418
-0.225067
0.905974
-0.523629
0.490999
0.552435
0.433395
0.651254
0.212473
0.916171
-0.558708
0.420298
0.671925
0.16146
0.951579
-0.68197
0.136061
0.965609
-0.732214
0.00391084
0.999972
-0.857994
-0.367922
0.748448
-0.0410285
0.996872
-0.846989
-0.333413
0.793367
-0.170051
0.946243
-0.664592
0.178823
0.940544
-0.644867
0.226721
0.904412
-0.521162
0.49486
0.544535
0.448475
0.625879
0.271315
0.86306
-0.38576
0.723137
0.0270419
0.998639
-0.85574
-0.362719
0.755158
-0.0613162
0.993002
-0.835342
-0.298878
0.833715
-0.293963
0.839123
-0.310943
0.819981
-0.251952
0.881795
-0.447976
0.626269
0.269542
0.864684
-0.392627
0.712854
0.0533983
0.994688
-0.843261
-0.324829
0.803406
-0.202689
0.923446
-0.589106
0.353246
0.767443
-0.0977186
0.982202
-0.798239
-0.187776
0.934268
-0.627268
0.266423
0.867655
-0.403719
0.696074
0.0964683
0.982645
-0.800828
-0.196135
0.928248
-0.607225
0.312186
0.818188
-0.248892
0.884425
-0.459444
0.60613
0.314444
0.81549
-0.241067
0.891543
-0.483507
0.563652
0.406975
0.690821
0.109101
0.977778
-0.784946
-0.150396
0.957766
-0.712903
0.0509292
0.995156
-0.849551
-0.347988
0.773818
-0.118487
0.973775
-0.771402
-0.111693
0.976692
-0.782318
-0.143563
0.961487
-0.727535
0.0108309
0.999781
-0.868181
-0.408811
0.687608
0.116187
0.974764
-0.776334
-0.126797
0.96994
-0.759077
-0.0774335
0.988788
-0.828398
-0.283413
0.849772
-0.350638
0.770028
-0.10916
0.977709
-0.788325
-0.162684
0.950482
-0.690382
0.108134
0.978119
-0.790399
-0.169184
0.946429
-0.676534
0.14328
0.961571
-0.730887
-6.85524e-05
1
-0.8723
-0.424723
0.662221
0.178797
0.940133
-0.655275
0.195804
0.92819
-0.613746
0.294396
0.837643
-0.314464
0.814734
-0.243679
0.888741
-0.480041
0.56818
0.395018
0.707566
0.0616816
0.992869
-0.847763
-0.347206
0.774013
-0.123126
0.971578
-0.769838
-0.111219
0.976806
-0.789221
-0.168069
0.947025
-0.682056
0.127471
0.969522
-0.763202
-0.0926678
0.98389
-0.81614
-0.249707
0.883006
-0.463029
0.597686
0.329624
0.796093
-0.189448
0.932637
-0.632637
0.248729
0.883865
-0.466578
0.591299
0.34356
0.77838
-0.137653
0.964419
-0.746642
-0.0469373
0.995862
-0.862689
-0.397893
0.702614
0.0726482
0.990085
-0.841631
-0.330834
0.794352
-0.185641
0.935241
-0.643692
0.221332
0.907932
-0.549347
0.432769
0.647952
0.210781
0.916479
-0.579075
0.369551
0.743225
-0.0386458
0.997192
-0.869953
-0.423271
0.663057
0.173116
0.943631
-0.674917
0.143135
0.961459
-0.739079
-0.0276904
0.998557
-0.876175
-0.444548
0.628113
0.257542
0.875171
-0.441546
0.63304
0.245687
0.886375
-0.479005
0.568045
0.3925
0.709943
0.050983
0.995106
-0.864712
-0.408118
0.686316
0.112862
0.976008
-0.794303
-0.188458
0.933094
-0.640245
0.227723
0.902295
-0.533995
0.462691
0.596582
0.329288
0.795652
-0.193132
0.929697
-0.629189
0.253769
0.878602
-0.455264
0.609243
0.300184
0.830097
-0.299293
0.831085
-0.302528
0.827397
-0.291128
0.840143
-0.331356
0.792891
-0.185934
0.934781
-0.64854
0.206447
0.919584
-0.595628
0.330543
0.793818
-0.189214
0.932431
-0.640958
0.224563
0.904811
-0.545427
0.438396
0.637162
0.233518
0.897041
-0.5194
0.490581
0.545519
0.437999
0.637685
0.231974
0.89836
-0.524437
0.48046
0.563916
0.399232
0.698871
0.0771769
0.988746
-0.847307
-0.35667
0.759592
-0.0904344
0.984543
-0.832121
-0.308821
0.819721
-0.270241
0.861936
-0.404591
0.690504
0.0984745
0.981664
-0.822287
-0.278679
0.853126
-0.376532
0.731844
-0.0130797
0.999676
-0.890476
-0.500098
0.52684
0.474855
0.573356
0.377965
0.729671
-0.00755139
0.999892
-0.892192
-0.5066
0.514225
0.499466
0.527761
0.472711
0.576953
0.369768
0.741119
-0.0400185
0.996967
-0.882232
-0.474007
0.574473
0.374943
0.733722
-0.0197401
0.999262
-0.891604
-0.506048
0.514821
0.497827
0.530409
0.4669
0.586897
0.347235
0.771491
-0.12808
0.968907
-0.779459
-0.151683
0.956384
-0.734032
-0.0215163
0.999122
-0.892773
-0.511354
0.504151
0.517996
0.491132
0.54252
0.441748
0.629855
0.247466
0.883829
-0.481926
0.559369
0.406346
0.686707
0.105203
0.978998
-0.818827
-0.272431
0.85914
-0.400955
0.694853
0.0835102
0.986761
-0.848468
-0.366727
0.74466
-0.0528635
0.994694
-0.878801
-0.466582
0.586569
0.346556
0.771892
-0.131696
0.967055
-0.776498
-0.145421
0.959824
-0.750307
-0.0696239
0.990789
-0.865357
-0.423025
0.659923
0.172336
0.943552
-0.692176
0.089311
0.984838
-0.843789
-0.353546
0.762359
-0.10502
0.979029
-0.822584
-0.286708
0.843678
-0.353687
0.762083
-0.104627
0.979178
-0.82381
-0.291021
0.83888
-0.338826
0.781576
-0.162286
0.949887
-0.716957
0.0218051
0.999095
-0.899757
-0.540842
0.443237
0.62604
0.253929
0.87725
-0.465102
0.588148
0.341372
0.778106
-0.152896
0.955483
-0.738617
-0.0390097
0.997102
-0.893675
-0.521278
0.482379
0.556726
0.409527
0.680475
0.117758
0.973578
-0.806136
-0.238365
0.891723
-0.515433
0.493657
0.535513
0.45338
0.608175
0.294905
0.834203
-0.326723
0.796475
-0.209558
0.916264
-0.600918
0.311377
0.815096
-0.267109
0.86392
-0.423602
0.657721
0.174778
0.941725
-0.691924
0.0865751
0.985699
-0.853915
-0.391404
0.707654
0.0443227
0.996251
-0.894315
-0.526578
0.47072
0.57703
0.364371
0.746536
-0.0640263
0.992173
-0.879628
-0.477465
0.564663
0.391104
0.707873
0.0429801
0.996472
-0.896645
-0.535747
0.451696
0.610223
0.288583
0.840885
-0.351031
0.764545
-0.116978
0.97385
-0.812457
-0.261558
0.869243
-0.444221
0.622799
0.25853
0.872226
-0.454456
0.605134
0.299849
0.828084
-0.31124
0.814755
-0.2695
0.861095
-0.418162
0.665546
0.152722
0.955383
-0.746105
-0.0649698
0.991924
-0.882522
-0.490243
0.540114
0.441759
0.626539
0.248735
0.881588
-0.487557
0.544995
0.431445
0.643663
0.206861
0.918076
-0.613745
0.278765
0.851201
-0.387429
0.712556
0.0276353
0.998537
-0.909701
-0.585101
0.344241
0.772998
-0.144681
0.959897
-0.765315
-0.122214
0.971381
-0.808088
-0.251356
0.878922
-0.480503
0.557489
0.404302
0.68668
0.0961246
0.982287
-0.849786
-0.384481
0.716574
0.0154571
0.999542
-0.915843
-0.608507
0.289874
0.838844
-0.349619
0.765544
-0.124175
0.970421
-0.80659
-0.248152
0.881854
-0.492108
0.535324
0.450097
0.611235
0.283009
0.846284
-0.374595
0.730666
-0.0247701
0.998822
-0.915181
-0.607939
0.290424
0.838056
-0.348558
0.766709
-0.128835
0.968124
-0.800017
-0.229236
0.899069
-0.552632
0.413354
0.671775
0.133042
0.965994
-0.792852
-0.207819
0.917013
-0.615898
0.271041
0.858818
-0.417534
0.66493
0.150179
0.956647
-0.759238
-0.108153
0.977512
-0.837103
-0.347315
0.768058
-0.134343
0.965294
-0.791929
-0.206139
0.918273
-0.621859
0.256166
0.873772
-0.468701
0.577379
0.358636
0.752536
-0.0896373
0.984539
-0.865258
-0.440744
0.626157
0.245418
0.884075
-0.504402
0.510264
0.498789
0.521053
0.477315
0.561359
0.393261
0.702214
0.0504781
0.995093
-0.906947
-0.584156
0.342775
0.773694
-0.153028
0.954891
-0.756523
-0.102587
0.979724
-0.849362
-0.390024
0.706882
0.0371126
0.997346
-0.916983
-0.620585
0.257709
0.871987
-0.465674
0.581974
0.347066
0.767775
-0.136516
0.964067
-0.792117
-0.209912
0.915029
-0.614691
0.271287
0.858054
-0.420092
0.659594
0.160762
0.950143
-0.741629
-0.0611407
0.992788
-0.901767
-0.569121
0.374973
0.728661
-0.0246753
0.998825
-0.925566
-0.653551
0.175514
0.940534
-0.707728
0.0330024
0.997897
-0.922688
-0.643879
0.199447
0.923183
-0.645897
0.194295
0.927088
-0.660111
0.158312
0.951586
-0.749276
-0.0845974
0.986173
-0.87904
-0.493033
0.530294
0.456586
0.59713
0.310904
0.813183
-0.278096
0.850514
-0.398283
0.693354
0.0706331
0.990355
-0.896283
-0.553227
0.408202
0.677789
0.111615
0.975908
-0.841933
-0.370989
0.733791
-0.0415221
0.996665
-0.921618
-0.643211
0.199576
0.922936
-0.648167
0.187066
0.932283
-0.681984
0.0998885
0.980689
-0.861469
-0.436466
0.631245
0.228642
0.898796
-0.563969
0.384203
0.714194
0.0123449
0.999705
-0.935357
-0.694318
0.0663603
0.991471
-0.904001
-0.582951
0.341712
0.773799
-0.159987
0.950411
-0.750106
-0.0902067
0.984232
-0.877173
-0.491084
0.532626
0.45018
0.607201
0.285362
0.842153
-0.374825
0.727638
-0.0264597
0.998643
-0.93364
-0.690194
0.0762745
0.988718
-0.895789
-0.556248
0.399896
0.689826
0.0769753
0.988506
-0.895563
-0.555944
0.400365
0.689001
0.0788961
0.987922
-0.893908
-0.550677
0.411493
0.671372
0.125158
0.969595
-0.824856
-0.320768
0.800255
-0.243288
0.885084
-0.520999
0.472946
0.565663
0.378642
0.721576
-0.0111955
0.999757
-0.941354
-0.721254
-0.0105036
0.999786
-0.941867
-0.723485
-0.0169742
0.99944
-0.940925
-0.720392
-0.00850527
0.999859
-0.942954
-0.728174
-0.030623
0.998177
-0.93682
-0.706115
0.0306756
0.998171
-0.937192
-0.707824
0.0257765
0.998708
-0.939678
-0.717248
-0.000543748
0.999999
-0.945098
-0.737472
-0.0579795
0.99346
-0.920137
-0.647247
0.18489
0.933484
-0.695642
0.0582957
0.993386
-0.920542
-0.649291
0.179439
0.937326
-0.710245
0.0179917
0.99937
-0.944447
-0.736685
-0.0567011
0.99374
-0.922995
-0.659029
0.154164
0.953712
-0.771563
-0.159544
0.950418
-0.759616
-0.124087
0.970003
-0.833165
-0.352509
0.757874
-0.119222
0.972301
-0.842337
-0.382805
0.714394
0.00525939
0.999946
-0.94909
-0.755964
-0.114103
0.974617
-0.851979
-0.415296
0.663699
0.141032
0.961212
-0.801846
-0.253959
0.874208
-0.49065
0.530417
0.451185
0.60288
0.290918
0.83488
-0.359966
0.747172
-0.0893442
0.984423
-0.891177
-0.549954
0.409709
0.672369
0.117586
0.973011
-0.848151
-0.404335
0.680824
0.0950203
0.982371
-0.884363
-0.527201
0.457237
0.591717
0.316199
0.804725
-0.264859
0.862976
-0.45475
0.596021
0.306001
0.817062
-0.304338
0.819026
-0.31075
0.811301
-0.286272
0.839842
-0.378506
0.719986
-0.0132244
0.999658
-0.953464
-0.777186
-0.180856
0.936051
-0.71313
0.00562469
0.999938
-0.955258
-0.78452
-0.203678
0.918864
-0.651388
0.170057
0.943431
-0.741138
-0.0745679
0.989122
-0.914165
-0.635125
0.210699
0.91313
-0.631674
0.219133
0.906022
-0.606617
0.279746
0.846818
-0.403726
0.680921
0.092305
0.983319
-0.893126
-0.561845
0.381887
0.714421
0.000488135
1
-0.958498
-0.799403
-0.251696
0.875908
-0.502897
0.504558
0.501255
0.507739
0.494895
0.520101
0.469945
0.567226
0.369475
0.732464
-0.0514937
0.994803
-0.939779
-0.731219
-0.0481349
0.995458
-0.942731
-0.742465
-0.0808451
0.987184
-0.910962
-0.627338
0.228204
0.897867
-0.581131
0.33761
0.776428
-0.18253
0.934641
-0.713739
0.000561688
0.999999
-0.962098
-0.816275
-0.307489
0.814456
-0.301803
0.821236
-0.323702
0.794332
-0.238519
0.888322
-0.549115
0.408041
0.673115
0.110415
0.976062
-0.870716
-0.488772
0.530852
0.446566
0.608337
0.273138
0.853462
-0.430791
0.635444
0.206756
0.916017
-0.648555
0.173558
0.940813
-0.739278
-0.0739895
0.989242
-0.923241
-0.675254
0.103795
0.978824
-0.88333
-0.533857
0.439711
0.619882
0.24452
0.882441
-0.531163
0.445212
0.610212
0.267718
0.85904
-0.451401
0.599219
0.293722
0.830293
-0.35616
0.750448
-0.107984
0.977058
-0.878354
-0.518091
0.471806
0.561944
0.378544
0.71798
-0.014599
0.99958
-0.966749
-0.839767
-0.388272
0.703208
0.0264265
0.998625
-0.963589
-0.828317
-0.351085
0.757263
-0.129348
0.967049
-0.841937
-0.396237
0.690734
0.0601345
0.992876
-0.942131
-0.74877
-0.10466
0.978417
-0.886358
-0.548164
0.407837
0.672194
0.109458
0.976385
-0.879105
-0.523393
0.459982
0.582884
0.330176
0.785064
-0.215209
0.908676
-0.628183
0.22182
0.902964
-0.608022
0.270858
0.855297
-0.442947
0.612971
0.25879
0.867878
-0.486011
0.533964
0.437434
0.622431
0.235504
0.890551
-0.565144
0.369656
0.730302
-0.0527088
0.994516
-0.952409
-0.790672
-0.234195
0.891715
-0.569957
0.358583
0.746103
-0.0992547
0.980545
-0.898805
-0.595505
0.299578
0.822732
-0.337058
0.775579
-0.188308
0.929945
-0.708581
0.00797622
0.999874
-0.975503
-0.88047
-0.532004
0.440652
0.616234
0.249436
0.877019
-0.520404
0.464643
0.5732
0.350439
0.757197
-0.133622
0.964696
-0.840244
-0.396134
0.689671
0.0593156
0.993041
-0.950469
-0.786908
-0.224888
0.899953
-0.602256
0.28241
0.842204
-0.403435
0.677948
0.0905171
0.983786
-0.915346
-0.658205
0.142543
0.959783
-0.823392
-0.342051
0.76839
-0.168859
0.943549
-0.762674
-0.151711
0.954426
-0.80382
-0.279524
0.845264
-0.415011
0.658873
0.14015
0.961093
-0.829757
-0.363912
0.737639
-0.0779923
0.987948
-0.933929
-0.728309
-0.0511092
0.994823
-0.961336
-0.831605
-0.370684
0.727646
-0.0495134
0.99514
-0.963179
-0.839192
-0.396233
0.688715
0.0595014
0.99298
-0.955255
-0.809604
-0.299905
0.821616
-0.338899
0.77219
-0.182774
0.933732
-0.729585
-0.0560194
0.993774
-0.95947
-0.826621
-0.355878
0.748678
-0.112348
0.97495
-0.886513
-0.559864
0.377838
0.716618
-0.0194314
0.99925
-0.982325
-0.915836
-0.665349
0.120997
0.970929
-0.87202
-0.510115
0.483208
0.536265
0.428809
0.634765
0.199627
0.920836
-0.684515
0.0691097
0.990511
-0.949371
-0.790892
-0.242951
0.882705
-0.548442
0.402212
0.678473
0.0850576
0.985619
-0.93104
-0.723181
-0.0397049
0.996866
-0.975757
-0.893063
-0.58587
0.31746
0.799587
-0.271455
0.85345
-0.448668
0.599608
0.28486
0.838586
-0.398928
0.6834
0.0708317
0.990018
-0.950176
-0.796458
-0.262284
0.863102
-0.482514
0.536642
0.426824
0.637391
0.191324
0.927134
-0.711162
-0.00685106
0.999907
-0.990628
-0.953953
-0.812046
-0.3131
0.80478
-0.289837
0.832695
-0.381007
0.710858
-0.00654552
0.999915
-0.99176
-0.959504
-0.834206
-0.38651
0.70234
0.0170863
0.999418
-0.990482
-0.955144
-0.818214
-0.334328
0.77721
-0.204063
0.916992
-0.676282
0.0882119
0.984486
-0.932418
-0.733502
-0.0728212
0.989425
-0.952247
-0.808382
-0.303303
0.816521
-0.329813
0.783023
-0.223062
0.90074
-0.618609
0.236522
0.888383
-0.57474
0.340868
0.768141
-0.177486
0.937133
-0.752749
-0.130938
0.965779
-0.86182
-0.482645
0.534969
0.428647
0.633167
0.199562
0.920481
-0.69186
0.0441422
0.996109
-0.981588
-0.924332
-0.706472
0.00309286
0.999981
-0.997524
-0.987818
-0.949423
-0.800916
-0.28165
0.841498
-0.414962
0.655906
0.140263
0.960682
-0.844529
-0.425531
0.638065
0.186195
0.930697
-0.731616
-0.0700947
0.990177
-0.960312
-0.843938
-0.424179
0.640198
0.180374