-5.693817649352422
-4.838436698798409
-4.176909517286806
-4.09200448573356
-3.3723499485374013
-2.7538460987530975
-2.664572140381142
-2.015544465165993
-1.5547256474913094
-1.5048748702633934
-1.164621714183685
-1.0874694823420294
-1.0470510552552619
-0.8439970068000647
-0.8396949839605282
-0.8470538197530602
-0.7714773031008899
-0.8354347792997286
-0.789593414559993
-0.7017658123903441
-0.7627686597783634
-0.8714210862967349
-0.8220561005283175
-0.8831514067383999
-1.0308318210938072
-0.8890934870635105
-0.9821820285584832
-1.0788688899384935
-0.8982907855632586
-0.8949319574468017
-0.8844002600393609
-0.7474184014363027
-0.7849742947187716
-0.78199391124828
-0.8011222217062678
-0.9469324356102471
-0.9834577722388215
-0.9802704157193045
-1.0069142354067646
-1.0944313527340783
-1.047454069011368
-1.1262532426206384
-1.1364070013326286
-0.9574898608221543
-0.9509059783877605
-0.9548699891039969
-0.8764037263486809
-1.0331707067540032
-1.2316780696955032
-1.1445809408496814
-1.2779170560802613
-1.4885345350423205
-1.241413345215654
-1.1083999518666432
-1.2809986068902157
-1.0522219034775695
-1.0752934365587006
-1.2118046487528458
-1.1020310428172104
-1.0282737722652662
-1.074625115273299
-1.0053018520459125
-1.0089438447070136
-0.9448758638948578
-0.9083358648291312
-0.8348867838448565
-0.8058181495605152
-0.8373340658476061
-0.7563482769017906
-0.777532660028576
-0.8613543199014856
-0.728095103649209
-0.7245460774342433
-0.7864731632004017
-0.8320716920147
-0.8743996242032589
-0.7323568582972907
-0.7745094423731305
-0.8376338047224031
-0.7809299646191922
-0.8521525352982358
-0.8117911556056385
-0.8900999187794114
-1.0085070551861952
-0.8446487470463298
-0.8323294557190916
-0.923009665710946
-0.8432809718360306
-0.8017043946710716
-0.8718454334869612
-0.8331500347738159
-0.8755078170177188
-0.9613324203560585
-1.1046392541548367
-1.1018733295334773
-1.2153906095184732
-1.1022370332261813
-0.8144493001690126
-1.0227010945439545
-1.1117278824459504
-0.8925347000984534
-0.9255768578310545
-1.0997406844335096
-0.7536072103268402
-1.0072909896855482
-1.1430498807150449
-0.9583537276679234
-1.4234809890683593
-1.7022972120384008
-1.3739642197860378
-1.5455466672092948
-1.5963101934638946
-1.3597828096054747
-1.4769760657032875
-1.1823430375189508
-1.0747711282465218
-1.152970900407097
-1.0770017904405296
-1.052898475541081
-1.0252563469118385
-0.8096469040711948
-0.765153342560322
-0.8793088893373756
-0.8001934796184731
-0.7576242244054909
-0.8482219769340719
-0.7416858122528349
-0.7659453417886495
-0.842688428388464
-0.7542129126991008
-0.741923914249488
-0.8115744590796112
-0.6922375793993242
-0.6582760503428853
-0.8279873771475287
-0.8293193351065097
-0.7869492851909063
-1.025332532616601
-0.9850057174070955
-0.7569611823565302
-0.8446515373129784
-0.7903464243992167
-0.72537451326177
-0.9308974084609613
-0.9558305068714156
-0.6222089971338302
-0.8266198044658776
-0.8417658987516674
-0.5949750908175817
-0.6766245408490035
-0.6788111999209958
-0.5969785907396455
-0.8519453774356859
-0.8557084960257018
-0.7759791745047573
-1.1104370458456327
-0.8044637415004208
-1.1075287816225077
-1.2456861568456556
-0.8107429049638376
-1.194043683155483
-1.5503567734081511
-0.9361492336684321
-1.3914766607239326
-1.6597334139518523
-1.0538569718882962
-1.3610805743080876
-1.3605703962274496
-0.6919339133165416
-1.014887776506501
-0.7947261223742657
-0.6020666390932159
-1.0571819259476363
-1.8507787283189392
-0.8483701618826766
-1.8664067776674982
-3.937201891503524
-2.6600989370561234
-1.657931888638209
-3.7645948713617146
-2.482202309813923
-1.4463306060639505
