44
110
46
116
89
139
110
15
26
63
109
23
82
82
122
343
169
77
115
7
35
117
147
22
52
89
40
118
67
143
135
63
5
26
87
119
94
72
8
23
100
111
190
265
387
296
104
70
66
161
257
262
212
259
353
315
15
77
38
134
217
59
19
19
15
44
146
94
80
158
10
20
20
93
113
82
36
46
10
24
46
126
191
272
249
127
39
31
132
105
99
22
31
21
52
97
173
121
86
59
99
151
234
91
51
91
138
61
59
48
57
112
115
129
37
50
50
61
89
102
121
22
36
25
23
73
62
74
61
50
24
34
51
17
59
47
47
55
79
104
78
107
138
80
75
65
21
35
30
42
81
112
43
27
32
54
60
59
9
25
27
66
38
24
50
37
98
126
81
60
120
43
65
28
23
49
100
125
18
19
41
72
88
55
189
186
124
202
165
105
24
27
26
12
16
26
49
86
132
141
81
66
26
11
11
25
61
64
94
106
121
125
119
193
148
124
110
31
24
31
61
81
32
23
24
25
29
33
54
52
57
85
103
126
106
16
16
24
47
77
73
128
64
94
19
14
40
86
137
150
13
35
63
82
72
67
41
17
38
50
62
76
121
101
93
47
33
104
122
30
56
51
23
66
54
89
75
29
25
139
258
331
300
190
6
11
43
43
33
93
152
238
203
33
71
116
212
291
58
24
61
104
155
152
57
7
24
94
91
9
41
67
57
67
33
5
22
33
93
74
21
55
217
291
176
31
117
75
138
228
72
80
218
88
9
11
7
7
24
58
49
55
216
127
19
11
38
79
63
6
66
142
31
8
15
69
73
12
27
117
185
120
96
24
