0.2765355373790297
0.2743884770004166
0.2697268006922668
0.2629660741634502
0.25453013146368514
0.24476697909669054
0.23408523014051053
0.22282985709942163
0.21139873946995608
0.2002116410400623
0.18964806058307454
0.18001687038942524
0.17169842056191692
0.16491379736822578
0.1599378524183546
0.15688748311254003
0.1558687676174003
0.1569094893259662
0.15995957703847868
0.1649025293015438
0.17155448974774135
0.17969600294873136
0.1889927717545007
0.19914802230092696
0.20985254063860465
0.22068091511225463
0.23128675123915934
0.24127181441386
0.25032800523863974
0.2581349789493393
0.2643970794206082
0.26892241801593764
0.2715469292594334
0.27215513393650403
0.2707718857083911
0.2674493518234217
0.2623468645019373
0.2556160367892797
0.24754074767506978
0.23837820484250205
0.22847496525598562
0.218169072043855
0.20785032217460586
0.1978504896917674
0.1885113353811894
0.18020634220980747
0.17315857745629026
0.1676617047626155
0.16389384041654692
0.1619819181854128
0.16199252957668372
0.16391131361527406
0.16770896501256086
0.1732788159166267
0.1803715894933188
0.18877633077864434
0.1982001124009992
0.2083275372960223
0.21877160198179124
0.2292211328374068
0.23926017945470515
0.24858359170580807
0.2568387316923831
0.26373073653355
0.26901346483414806
0.27244212754030034
0.27393270867727565
0.27344248065412474
0.27091972052179303
0.2664784296719044
0.26023161562188163
0.25243149579081015
0.24330683921631024
0.2331441466486549
0.222368775832164
0.21133337598390722
0.20046331088742364
0.19013873993017708
0.18077094349895648
0.17269332379512858
0.16616897197091807
0.1614164329538668
0.15864985159096925
0.15800514563183057
0.15952711720860974
0.16319491691620766
0.1689294404386064
0.17656901462865912
0.1859088155193519
0.19659448281305794
0.20833279113249828
0.22069570635885943
0.23328789961624832
0.24564646736875476
0.25734476564483977
0.2679721357962524
0.2771029823035908
0.284331295312618
0.28938198405964877
0.291879513114054
0.29132873703861795
0.2870071136725359
0.27903558349444113
0.2683842086767341
0.2559117653657535
0.24212365729663687
0.22758895314740116
0.21286502784754366
0.19881488426987848
0.18640615067158037
0.17597657633276176
0.1672960540963032
0.16043330691499763
0.15550709100449767
0.15276642565061746
0.1522411955602366
0.15393551598419264
0.15782125329786262
0.16380395249468088
0.17161902404637785
0.18106991920003992
0.19178192647404183
0.2034919759851475
0.2157188590870847
0.2280860249292128
0.24019380793850192
0.25164458561968933
0.26202900810548096
0.2709936513750984
0.2782224736069103
0.2834482021204837
0.28642688597568283
0.28698386872907294
0.2850687066261974
0.2807776916803555
0.2742817202612332
0.2659085113237213
0.25590774768097524
0.24476148132358844
0.23280200532338202
0.2203882189894844
0.20801064106589873
0.1960563547940744
0.1850010714731777
0.17514213552947566
0.16686900594880655
0.16056583653378778
0.15634362987374473
0.15440305339560983
0.1548140756186428
0.15753876616277102
0.16264631133335053
0.16983132862211173
0.1790069696662428
0.18981948343853877
0.20196042420331797
0.21500865784586567
0.22863613709069075
0.24221731714926537
0.2553633816065614
0.2677602414880234
0.2789311216529286
0.28846200641993497
0.29599047929686834
0.3012560422265785
0.3041918204856468
0.3044200115362866
0.30206048654809153
0.2971609645436532
0.2897355789205675
0.2800928307170916
0.26850782366607356
0.2554283360766169
0.24113238054005415
0.22627371799291293
0.21120579038432813
0.19660209285579072
0.18285103661262178
0.17064503241488058
0.16042861507179718
0.152567835031599
0.14764433227998972
0.14582402563195607
0.14744041196152335
0.15279906130614018
0.16178473560245749
0.17451900606971696
0.1905005660213974
0.20987243683520218
0.23248921189749033
0.25754191227753476
0.2847509469465684
0.31340429833293737
0.34293601223552156
0.37278277647676517
0.4022504846707896
0.43082569894381667
0.45729266826554077
0.48175402925330163
0.502827297440123
0.5209629939816856
0.5347681192434288
0.543468696725758
0.547548154179061
0.5464457387711428
0.5381665966698717
0.5230157102552946
0.4985504318720376
0.4640515291024978
