108
126
92
114
199
215
124
73
96
178
161
89
119
182
279
317
236
124
105
78
115
190
222
131
168
253
247
293
356
486
391
432
253
122
82
101
163
230
93
111
166
233
199
235
299
277
182
193
173
190
262
292
297
291
295
205
125
117
174
208
250
152
155
155
166
150
108
109
149
102
108
77
96
109
120
145
240
113
74
97
111
106
96
129
104
191
270
125
112
108
110
103
102
92
108
91
107
117
122
82
76
90
85
74
71
83
88
55
81
62
66
99
112
145
112
183
183
177
142
131
145
103
114
103
99
107
103
110
128
60
62
79
81
65
74
91
91
90
91
100
114
98
85
61
66
236
161
105
108
99
107
106
106
79
104
88
60
100
77
64
79
89
90
82
145
68
75
67
74
57
78
54
66
71
78
69
56
56
54
73
82
87
61
98
105
76
66
85
79
83
88
88
40
29
56
68
78
71
81
84
69
68
48
38
54
76
76
52
59
75
86
85
96
90
90
97
123
113
112
93
79
74
47
39
63
83
59
55
62
69
85
77
78
83
88
108
74
57
70
94
67
61
66
42
49
69
60
56
73
85
74
71
59
62
60
65
35
33
22
19
27
30
55
73
90
91
72
46
61
96
116
107
35
49
62
68
92
113
102
77
116
144
225
251
131
94
44
51
66
79
117
109
124
139
104
119
152
104
100
105
114
102
88
139
156
91
51
73
84
118
71
99
124
154
177
168
81
83
85
114
101
103
125
196
170
158
206
239
186
85
63
94
96
79
118
70
70
61
93
69
70
106
133
99
119
108
84
99
87
117
142
99
61
100
172
135
72
59
89
106
179
129
150
156
88
101
102
102
70
